M =  [[ 1.00000000e+00  0.00000000e+00  3.18752812e-08  3.11795141e-01]
 [ 0.00000000e+00  1.00000000e+00  0.00000000e+00  0.00000000e+00]
 [-3.18752812e-08  0.00000000e+00  1.00000000e+00  2.11149994e-01]
 [ 0.00000000e+00  0.00000000e+00  0.00000000e+00  1.00000000e+00]]
Slist =  [[ 0.00000000e+00  0.00000000e+00  0.00000000e+00  0.00000000e+00
   3.18752812e-08  1.00000000e+00  0.00000000e+00]
 [ 0.00000000e+00  1.00000000e+00  1.00000000e+00  1.00000000e+00
   0.00000000e+00  0.00000000e+00  1.00000000e+00]
 [ 1.00000000e+00  0.00000000e+00  0.00000000e+00  0.00000000e+00
   1.00000000e+00 -3.18752812e-08  0.00000000e+00]
 [-0.00000000e+00 -1.06200000e-01 -2.18700000e-01 -2.18699999e-01
  -0.00000000e+00 -0.00000000e+00 -2.11149995e-01]
 [-0.00000000e+00 -0.00000000e+00 -0.00000000e+00 -0.00000000e+00
  -2.04100092e-01  2.11150004e-01 -0.00000000e+00]
 [-0.00000000e+00 -0.00000000e+00  3.18000000e-02  1.69600099e-01
  -0.00000000e+00 -0.00000000e+00  2.77300141e-01]]
Mlist =  [[[ 1.00000000e+00  0.00000000e+00  0.00000000e+00  1.63728257e-08]
  [ 0.00000000e+00  1.00000000e+00  0.00000000e+00 -1.92246981e-03]
  [ 0.00000000e+00  0.00000000e+00  1.00000000e+00  7.70618630e-02]
  [ 0.00000000e+00  0.00000000e+00  0.00000000e+00  1.00000000e+00]]

 [[ 1.00000000e+00  0.00000000e+00  0.00000000e+00  6.39933110e-03]
  [ 0.00000000e+00  1.00000000e+00  0.00000000e+00  1.13409814e-03]
  [ 0.00000000e+00  0.00000000e+00  1.00000000e+00  9.64812939e-02]
  [ 0.00000000e+00  0.00000000e+00  0.00000000e+00  1.00000000e+00]]

 [[ 9.99999283e-01  0.00000000e+00  1.19783159e-03  9.71182691e-02]
  [ 0.00000000e+00  1.00000000e+00  0.00000000e+00 -7.14237748e-06]
  [-1.19783159e-03  0.00000000e+00  9.99999283e-01  4.52670971e-02]
  [ 0.00000000e+00  0.00000000e+00  0.00000000e+00  1.00000000e+00]]

 [[ 9.99999283e-01  0.00000000e+00 -1.19779971e-03  8.67996314e-02]
  [ 0.00000000e+00  1.00000000e+00  0.00000000e+00  3.30542834e-03]
  [ 1.19779971e-03  0.00000000e+00  9.99999283e-01  2.03193088e-03]
  [ 0.00000000e+00  0.00000000e+00  0.00000000e+00  1.00000000e+00]]

 [[ 1.00000000e+00  0.00000000e+00 -3.27452754e-20  3.77936633e-02]
  [ 0.00000000e+00  1.00000000e+00  0.00000000e+00 -2.50964261e-03]
  [-3.27452754e-20  0.00000000e+00  1.00000000e+00  1.66741741e-02]
  [ 0.00000000e+00  0.00000000e+00  0.00000000e+00  1.00000000e+00]]

 [[ 1.00000000e+00  0.00000000e+00 -3.27452754e-20  5.94337523e-02]
  [ 0.00000000e+00  1.00000000e+00  0.00000000e+00  2.81910414e-03]
  [-3.27452754e-20  0.00000000e+00  1.00000000e+00 -2.13226091e-02]
  [ 0.00000000e+00  0.00000000e+00  0.00000000e+00  1.00000000e+00]]

 [[ 1.00000000e+00  0.00000000e+00 -3.27452754e-20  1.44301815e-02]
  [ 0.00000000e+00  1.00000000e+00  0.00000000e+00 -4.58852832e-04]
  [-3.27452754e-20  0.00000000e+00  1.00000000e+00  1.47993107e-03]
  [ 0.00000000e+00  0.00000000e+00  0.00000000e+00  1.00000000e+00]]

 [[ 1.00000000e+00  0.00000000e+00 -3.27452754e-20  9.81792492e-03]
  [ 0.00000000e+00  1.00000000e+00  0.00000000e+00 -2.36052300e-03]
  [-3.27452754e-20  0.00000000e+00  1.00000000e+00 -6.41971006e-03]
  [ 0.00000000e+00  0.00000000e+00  0.00000000e+00  1.00000000e+00]]]
Glist =  [[[ 2.40354508e-05  7.39479891e-12  2.05889156e-11  0.00000000e+00
    0.00000000e+00  0.00000000e+00]
  [ 7.39479891e-12  2.50929356e-05 -2.89980431e-07  0.00000000e+00
    0.00000000e+00  0.00000000e+00]
  [ 2.05889156e-11 -2.89980431e-07  1.79760287e-05  0.00000000e+00
    0.00000000e+00  0.00000000e+00]
  [ 0.00000000e+00  0.00000000e+00  0.00000000e+00  6.01843512e-02
    0.00000000e+00  0.00000000e+00]
  [ 0.00000000e+00  0.00000000e+00  0.00000000e+00  0.00000000e+00
    6.01843512e-02  0.00000000e+00]
  [ 0.00000000e+00  0.00000000e+00  0.00000000e+00  0.00000000e+00
    0.00000000e+00  6.01843512e-02]]

 [[ 5.58125584e-05  3.05873895e-07 -6.11348652e-07  0.00000000e+00
    0.00000000e+00  0.00000000e+00]
  [ 3.05873895e-07  5.08744603e-05  2.78428455e-07  0.00000000e+00
    0.00000000e+00  0.00000000e+00]
  [-6.11348652e-07  2.78428455e-07  2.91228934e-05  0.00000000e+00
    0.00000000e+00  0.00000000e+00]
  [ 0.00000000e+00  0.00000000e+00  0.00000000e+00  8.79365609e-02
    0.00000000e+00  0.00000000e+00]
  [ 0.00000000e+00  0.00000000e+00  0.00000000e+00  0.00000000e+00
    8.79365609e-02  0.00000000e+00]
  [ 0.00000000e+00  0.00000000e+00  0.00000000e+00  0.00000000e+00
    0.00000000e+00  8.79365609e-02]]

 [[ 2.19988199e-05  5.11334784e-07 -2.57342143e-08  0.00000000e+00
    0.00000000e+00  0.00000000e+00]
  [ 5.11334784e-07  5.13996983e-05  5.45466343e-11  0.00000000e+00
    0.00000000e+00  0.00000000e+00]
  [-2.57342143e-08  5.45466343e-11  6.34682922e-05  0.00000000e+00
    0.00000000e+00  0.00000000e+00]
  [ 0.00000000e+00  0.00000000e+00  0.00000000e+00  8.79996844e-02
    0.00000000e+00  0.00000000e+00]
  [ 0.00000000e+00  0.00000000e+00  0.00000000e+00  0.00000000e+00
    8.79996844e-02  0.00000000e+00]
  [ 0.00000000e+00  0.00000000e+00  0.00000000e+00  0.00000000e+00
    0.00000000e+00  8.79996844e-02]]

 [[ 5.16898890e-06 -4.30565261e-09  4.70490365e-08  0.00000000e+00
    0.00000000e+00  0.00000000e+00]
  [-4.30565261e-09  4.01910606e-06  5.61146572e-08  0.00000000e+00
    0.00000000e+00  0.00000000e+00]
  [ 4.70490365e-08  5.61146572e-08  3.87872394e-06  0.00000000e+00
    0.00000000e+00  0.00000000e+00]
  [ 0.00000000e+00  0.00000000e+00  0.00000000e+00  3.37528736e-02
    0.00000000e+00  0.00000000e+00]
  [ 0.00000000e+00  0.00000000e+00  0.00000000e+00  0.00000000e+00
    3.37528736e-02  0.00000000e+00]
  [ 0.00000000e+00  0.00000000e+00  0.00000000e+00  0.00000000e+00
    0.00000000e+00  3.37528736e-02]]

 [[ 1.64904145e-05 -6.16564441e-11  1.61324277e-06  0.00000000e+00
    0.00000000e+00  0.00000000e+00]
  [-6.16564441e-11  2.43462037e-05  2.75698619e-10  0.00000000e+00
    0.00000000e+00  0.00000000e+00]
  [ 1.61324277e-06  2.75698619e-10  2.39782654e-05  0.00000000e+00
    0.00000000e+00  0.00000000e+00]
  [ 0.00000000e+00  0.00000000e+00  0.00000000e+00  5.67730043e-02
    0.00000000e+00  0.00000000e+00]
  [ 0.00000000e+00  0.00000000e+00  0.00000000e+00  0.00000000e+00
    5.67730043e-02  0.00000000e+00]
  [ 0.00000000e+00  0.00000000e+00  0.00000000e+00  0.00000000e+00
    0.00000000e+00  5.67730043e-02]]

 [[ 1.31065564e-05 -3.37815188e-07  2.09094385e-06  0.00000000e+00
    0.00000000e+00  0.00000000e+00]
  [-3.37815188e-07  1.53996225e-05  5.58847685e-07  0.00000000e+00
    0.00000000e+00  0.00000000e+00]
  [ 2.09094385e-06  5.58847685e-07  8.92019679e-06  0.00000000e+00
    0.00000000e+00  0.00000000e+00]
  [ 0.00000000e+00  0.00000000e+00  0.00000000e+00  3.19894081e-02
    0.00000000e+00  0.00000000e+00]
  [ 0.00000000e+00  0.00000000e+00  0.00000000e+00  0.00000000e+00
    3.19894081e-02  0.00000000e+00]
  [ 0.00000000e+00  0.00000000e+00  0.00000000e+00  0.00000000e+00
    0.00000000e+00  3.19894081e-02]]

 [[ 4.09352910e-06  5.18046550e-08 -6.33223062e-07  0.00000000e+00
    0.00000000e+00  0.00000000e+00]
  [ 5.18046550e-08  4.43939247e-06  2.46306183e-08  0.00000000e+00
    0.00000000e+00  0.00000000e+00]
  [-6.33223062e-07  2.46306183e-08  7.81071695e-06  0.00000000e+00
    0.00000000e+00  0.00000000e+00]
  [ 0.00000000e+00  0.00000000e+00  0.00000000e+00  1.38054612e-02
    0.00000000e+00  0.00000000e+00]
  [ 0.00000000e+00  0.00000000e+00  0.00000000e+00  0.00000000e+00
    1.38054612e-02  0.00000000e+00]
  [ 0.00000000e+00  0.00000000e+00  0.00000000e+00  0.00000000e+00
    0.00000000e+00  1.38054612e-02]]]
Blist =  [[-3.18752812e-08  0.00000000e+00  0.00000000e+00  0.00000000e+00
  -3.27452754e-20  1.00000000e+00  0.00000000e+00]
 [ 0.00000000e+00  1.00000000e+00  1.00000000e+00  1.00000000e+00
   0.00000000e+00  0.00000000e+00  1.00000000e+00]
 [ 1.00000000e+00  0.00000000e+00  0.00000000e+00  0.00000000e+00
   1.00000000e+00 -3.27452754e-20  0.00000000e+00]
 [ 0.00000000e+00  1.04950004e-01 -7.54999692e-03 -7.55000000e-03
   0.00000000e+00  0.00000000e+00  4.91842374e-18]
 [ 3.11795141e-01  0.00000000e+00  0.00000000e+00  0.00000000e+00
   1.07695043e-01  0.00000000e+00  0.00000000e+00]
 [ 0.00000000e+00 -3.11795138e-01 -2.79995142e-01 -1.42195043e-01
   0.00000000e+00  0.00000000e+00 -3.44950000e-02]]